5551818240
5087362561
6186953218
6039521280
5827580934
1441247247
5750315025
1490410514
962269203
1900830227
2125821972
6062179351
6191497753
1756770329
6281921563
6031724059
1797233180
5230124574
1023399454
5012406813
925885985
5617357345
1430149152
1432762919
5928368168
5923988010
6173143082
5068191789
5758069294
5483170350
5233174573
716613679
5812064814
5754730035
5807756340
764658740
623402038
6049241139
6044772409
5384865850
1427579965
5197446207
6266230849
5744927298
1983379011
6094673477
5122849349
5737711175
1531449415
6125252680
5876238408
1967548493
5776254030
1719092814
5484784205
1249577044
2066649686
601002582
6171480153
5658909787
5951755867
228998237
5002319965
5001983584
6297643111
6201280617
6061206123
1636989036
5689661549
6237897838
5861134842
1485149817
5334953082
5466589308
6114315900
5547853951
5495620228
5345233029
1452314246
5499266184
5098935434
6171456139
6131488396
936546957
1990777998
6149922446
5467600529
5723475089
1224893587
1612743827
6127949973
5889374867
6202139287
5667990676
1663768729
861307545
6109257371
6126658715
5417021597
1448001693
5230139551
1107763870
1302527647
5855403172
6061702822
596489383
5606938792
1396924582
2069112486
5668964524
2104832172
6295548589
1698210481
859416755
1418340533
1995449013
1900813502
117580991
5870103746
1378835138
5847769797
5672389318
5829723333
1977483973
1456853193
5766656715
5738104524
5534729421
5140440270
2072356046
5999306446
5975404753
817880277
5703538390
5921052887
839249110
1027829465
5073285850
5922634969
1400512221
5786619614
646447841
5855737058
1682604772
6236535013
1401937917
6038142195
5730889461
6151870714
1614644989
6169887486
5862455040
333533443
5448058628
6040016133
6001046789
5831595268
6135030024
5130500358
6007128727
6090803979
5786121997
5059576080
6116585232
5991191314
6074785552
1514116368
1392146197
5866503961
6225580314
5548472601
6086077212
5962847005
5476901148
6266633502
1045241120
193942817
2093955362
6091398435
5874527523
5170335013
2013493029
5632370983
1012860718
1889692464
5935285553
5949319165
5257609014
6008018745
6129684794
6116535103
5478180162
5793125188
5849426247
5759470920
1485394249
1088076106
5968259402
5682392396
6211463501
1979483469
1958593872
5862334802
1405496148
6288394070
6209688920
1247523676
6105501333
5880074591
1496060256
6186264417
5415611901
6153119586
6155285858
5763576162
5801202022
6034290535
6240343393
6106640233
6162029418
6051165547
6193752428
1482193774
1693716847
1140231535
1181544819
1686484854
6253363575
5975018879
6077641600
1228532096
5498135427
5869593475
5018989956
5265088390
6067857287
5886380935
6210859913
573647752
6061563788
2143163276
5620395405
1471568275
5978493331
6182629781
5775879575
640651161
6279697817
5988332955
545380768
5805240225
1437070243
5895705507
5174153124
1457040291
1921921448
5363238828
6094561197
2132789167
5661981616
5416111538
1775586227
5749233588
5941654453
1297538486
6255493563
1317517244
5783278013
5719079358
1869006779
6151602625
1113344964
5049935303
6283291080
5842605511
6041890764
5660937165
5851726798
845026768
1546150357
6237882841
1429229022
6125809631
219693022
5356211682
6175572965
5239677927
5661243879
5779826666
5635105772
1350498284
1540455408
6257344509
2098523634
5470834162
2129811444
6089276916
3164144
5727735802
1167087611
5816161276
6290071549
